$ANSIBLE_VAULT;1.1;AES256
64306462303963666461346538366363613039336434386438303664383436653832666563383435
3530613936303039373463366364653561386338653835380a336239646338383762366363666465
38356438663631336362323836643566323339393263393732303764393137333131316135633363
3131383663626434360a306431616535656634656439333336623538373235393238343336636632
32353361383362646231616164346235313938333061613365613664633164633936303933306564
39316234343334376661346662333061643138363733656161633061653539646565626539643362
66356630643838393265653439363264363432383933363935386330373465663234306466653031
32626437646530313938323330666536333532336233636364376330643965393034663165323361
34633138363163633935623435393662313730636234383863636133383237333637656537363964
34366131363562626462346339313665313739303435326662323262393430343131633265306335
63666237373961323635386461326462326433613139303066336332363030393862366363616166
38366634613137643036336362646666623337636461383766346438306538303930303835646234
37656433313039653038333938323964363339396162653939333064303265613037636366323465
31396634323963303164393737363661336438643163313035353437323734386666313537383736
66356164306361613132636437656334323066613162653431623164663437303332613831393230
64343830633432366661623564643433323634643464393836346430613163343361363738616534
35343664633638303736623239663634366332353463353430633836626335646232623032303636
36623465356435663563366239656463393866633938376638363762333166323566343431346338
35613666656463663339353233336563323730383036333662653937616532666633353535626366
34306266626534346236353838646235383930303261663531653832323461383264643830353062
65326330363434643939323063356362383162303933383639646130373232666531353862656237
37303564666135313964323738396564656135366633623266313633643534386264356430376463
61303836626364343463653330653965663661363137303635346533373265306531663737663463
30306634333231626135623832633066616436353564346337376364366264393039363034373737
63353432363030333330313532346430663135303631383762356439373163386430333833333165
37313434333731306365336638373635613034396634353066633862343934653038393333373930
31383038633835396636383266353634336431326361333031646637313436616162653264323233
32646435646339383863383734313635646262613639653433666664393766323033646164656136
38366662623531613632653363353564306231323335313562666465306632666465363433666134
61653464333662393061363139346439643330643739613666623663636330323662316630353435
34646436356337636537666233383135616431303237613231616364623336363462356432383633
65623631653130323432386162623564316465326339633037343531393538666230663634303866
33323363643432366431663665613963306561366135393363636364333136326233633966386632
31356163383536666130633435383935353835623832393339613930623531326434346235343965
63383563343539666139653233633065323563643535333561376430353339353134316166363335
33336532653663313561356438306434616666323464653831316666633830366466326564323037
38643335626164643339626131613961653737383038323164323836306663363635343261613764
35316662356238663532333666663062613533356638653365663734346239643562326235373364
34323866393339353164306534363435396631666566616333356665323036356539303164663436
35386338616465373932366466353832313861626234333037303935316339663065363565366439
31666639366263623536656163653262656434633432313837633964386666656661616434663562
33666137323562363062373238356261386333383431376565343132643166313165343131363861
35383561306465646131353031303330613636303238633461656230346161366130356634383136
63363132653838643534303363666336343237393165613561643264313438336632616533623133
32643531303333303564363437623136386165306637323137393737366432663361303135356438
63663632653736616465653237343762643461383130636332363437346233313135636432343762
62373234333338396436616335313738363065633131363861383263313264346664373862323132
31356530323161303635613930616136363231366430306432643931643366643537643563663865
37333762393663346639663064343164616662613964343732343231373136633265663639616434
65643263356131363736393435393435363932363663386536336635653432653065326336333232
39326266303361316436666139643835396162373237346235616538383263663766643766303362
31643531636533653565313232343866323963363931643835363637323462653338303435653533
62623639373265323035326564386239396534396237303534326435386534653636326130643235
34383334306266376633363239653239313338383736373534383061636232663836356164313064
32636536633235643266313732343366393535633366343736303865616539633839323536623633
31633735316566336138666335353632626434646262323936643165363865616339656134363738
62333530353537373761323161623965633465666666363164303736313665303262623730386636
36613233333434633163346637356137646137393361613336363161383066643533363565313739
33316461393764653930383962386530616138396330343938656466633335336164383631616433
30656264663430393239363666323930306339306432646439383933336334363333373535643361
32653030353531353838646437313531643666646532666462653236303433363365643963346333
34343434303532383562336364623462396466346337373861363165336537343739356137363831
30636364353964353562323066366131323365613539616432653164303835323965626462306132
38633636316339653863626438653465656263363236396432393632636635376261376661343034
36363632663132303266613366353232633535303466353766303738653438343362316130653161
33616430383433633561623139346237623030626465316533306139613531323964626364316632
30333462363036396333623062386335653031636565643463646462666436306563313730306339
32646163313436383538346335306234383539313439306430383430336361373230346135653765
63393261326265363132363038616332353736336339366231323562616138653364333564333331
30613866323230343837663265346437303666306337616438333564343733376566363766313639
61343861333831343763613338366239663862353038666439313265633866613936363834626163
65363136626539656261626162663932623737643366623437366231613239303761346437366162
32306535613765303138653833313533666133636636343962313535656131356430376135333331
63653233383862663265636566633931363731626233353939356437653532333333633033643765
66633364373161646536356136343161343230306631396562663930633137346464306166623664
37633634363737393566653132303962346665633063643835343731303339393334313532323562
36363234326163373764396466376531653566373032353166633331303665353838316537393132
39613133633035393038393961643535323566616237363438313062343930396366373865353362
64353564323964623635393436376531323464356665656161633765663063316439646132313133
66383862616535396636613465306533353665653766343164383133663461653065613166363937
39383361393037656436383238363161376139656333333435356665363233666639373762373661
39323265373164613866623136353735336333323432623138643438323466376532366239343430
36346361346163393962346131616666613237636438303131383839373265653266396166306133
30306536636634666137643961316233376363396635653561313163353737663561666166333464
31646263613961616437326133343935653233353836363634346536333762616637333262386463
39613837656463376633653162353537623763623363383466316534313537396336373534336437
36396335323561393434376136613330393664393335666164393866316564313230393535616337
64633665626565353066
